Time ms,Process:PID,RSS KB
257,getent:8092,0
